000000000000000000000000
000000000000000000000000
100000000000000000000000
200000000000000000000000
100000000000000000000000
200000000000000000000000
000000010000000000000000
000000020000000000000000
000000010000000000000000
000000020000000000000000
000000000100000000000000
000000000200000000000000
000000000100000000000000
000000000200000000000000
000000010000000000000000
000000020000000000000000
000000020000000000000000
000000020000000000000000
000001000000000000000000
000002000000000000000000
000001000000000000000000
000002000000000000000000
000010000000000000000000
000020000000000000000000
000010000000000000000000
000020000000000000000000
001000000000000000000000
002000000000000000000000
001000000000000000000000
002000000000000000000000
100000000000000000000000
200000000000000000000000
200000000000000000000000
200000000000000000000000
000000010000000000000000
000000020000000000000000
000000010000000000000000
000000020000000000000000
000001000000000000000000
000002000000000000000000
000001000000000000000000
000002000000000000000000
000010000000000000000000
000020000000000000000000
000010000000000000000000
000020000000000000000000
001000000000000000000000
002000000000000000000000
002000000000000000000000
002000000000000000000000
000000010000000000000000
000000020000000000000000
000000010000000000000000
000000020000000000000000
000001000000000000000000
000002000000000000000000
000001000000000000000000
000002000000000000000000
000010000000000000000000
000020000000000000000000
000010000000000000000000
000020000000000000000000
001000000000000000000000
002000000000000000000000
002000000000000000000000
002000000000000000000000
100000000000000000000000
200000000000000000000000
100000000000000000000000
200000000000000000000000
000000010000000000000000
000000020000000000000000
000000010000000000000000
000000020000000000000000
000000000100000000000000
000000000200000000000000
000000000100000000000000
000000000200000000000000
000000010000000000000000
000000020000000000000000
000000020000000000000000
000000020000000000000000
000001000000000000000000
000002000000000000000000
000001000000000000000000
000002000000000000000000
000010000000000000000000
000020000000000000000000
000010000000000000000000
000020000000000000000000
001000000000000000000000
002000000000000000000000
001000000000000000000000
002000000000000000000000
100010010000000000000000
200020020000000000000000
200020020000000000000000
200020020000000000000000
