000000000000000000000000
000000000000000000000000
000000000000000000010000
000000000000000000020000
000000000000000000020000
000000000000000000020000
000000000000000000100000
000000000000000000200000
000000000000000000000001
000000000000000000000002
000000000000000010000000
000000000000000020000000
000000000000000020000000
000000000000000020000000
000000000000001000000000
000000000000002000000000
000000000000000000010000
000000000000000000020000
000000000000100000000000
000000000000200000000000
000000000000200000000000
000000000000200000000000
000000000001000000000000
000000000002000000000000
000000000000000010000000
000000000000000020000000
000000000100000000000000
000000000200000000000000
000000000200000000000000
000000000200000000000000
000000000000001000000000
000000000000002000000000
000000000000002000000000
000000000000002000000000
