000000000000000000000000
000000000000000000000000
000000000000100000000000
000000000000200000000000
000000000000100000000000
000000000000200000000000
000000000000100000000000
000000000000200000000000
000000010000000000000000
000000020000000000000000
000000000000000000000100
000000000000000000000200
000000000000000000000100
000000000000000000000200
000000000000000000010000
000000000000000000020000
000000000000000000020000
000000000000000000020000
000000000000000010000000
000000000000000020000000
000000000000000010000000
000000000000000020000000
000000000000001000000000
000000000000002000000000
000000000000001000000000
000000000000002000000000
000000000000100000000000
000000000000200000000000
000000000000200000000000
000000000000200000000000
000000000000000000000000
000000000000000000000000
000000010000000000000000
000000020000000000000000
000000000000100000000000
000000000000200000000000
000000000000100000000000
000000000000200000000000
000000000000100000000000
000000000000200000000000
000000010000000000000000
000000020000000000000000
000000000000000000000100
000000000000000000000200
000000000000000000000100
000000000000000000000200
000000000000000000010000
000000000000000000020000
000000000000000000020000
000000000000000000020000
000000000000000010000000
000000000000000020000000
000000000000000010000000
000000000000000020000000
000000000000001000000000
000000000000002000000000
000000000000001000000000
000000000000002000000000
000000000000100000000000
000000000000200000000000
000000000000200000000000
000000000000200000000000
000000000000000000000000
000000000000000000000000
000000010000000000000000
000000010000000000000000
000000000000100000000000
000000000000200000000000
000000000000100000000000
000000000000200000000000
000000000000100000000000
000000000000200000000000
000000010000000000000000
000000010000000000000000
000000000000100000000000
000000000000200000000000
000000000000100000000000
000000000000200000000000
000000000000100000000000
000000000000200000000000
000000000000000000000000
000000000000000000000000
000000000000100000000000
000000000000100000000000
000000000000100000000000
000000000000200000000000
000000000000100000000000
000000000000100000000000
000000000000100000000000
000000000000200000000000
000000000000100000000000
000000000000100000000000
000000000000100000000000
000000000000100000000000
000000000000100000000000
000000000000200000000000
000000000000100000000000
000000000000200000000000
000000000000100000000000
000000000000200000000000
000000000000100000000000
000000000000200000000000
000000000000100000000000
000000000000200000000000
000000010000000000000000
000000020000000000000000
000000000000000000000100
000000000000000000000200
000000000000000000000100
000000000000000000000200
000000000000000000010000
000000000000000000020000
000000000000000000020000
000000000000000000020000
000000000000000010000000
000000000000000020000000
000000000000000010000000
000000000000000020000000
000000000000001000000000
000000000000002000000000
000000000000001000000000
000000000000002000000000
000000000000100000000000
000000000000200000000000
000000000000200000000000
000000000000200000000000
000000000000000000000000
000000000000000000000000
000000000000000000000000
000000000000000000000000
