000000000000000000000000
000000000000000000000000
000000000000000010000000
000000000000000020000000
000000000000000000001000
000000000000000000002000
000000000000000010000000
000000000000000020000000
000000000000000000001000
000000000000000000002000
000000000000000010000000
000000000000000020000000
000000000000000000001000
000000000000000000002000
000000000000000010000000
000000000000000020000000
000000000000000000001000
000000000000000000002000
000000000000000100000000
000000000000000200000000
000000000000000000001000
000000000000000000002000
000000000000000100000000
000000000000000200000000
000000000000000000001000
000000000000000000002000
000000000000000100000000
000000000000000010000000
000000000000000000000000
000000000000000010000000
000000000000000100000000
000000000000000010000000
000000000000000010000000
000000000000000010000000
000000000000000010000000
000000000000000020000000
000000000000000000001000
000000000000000000002000
000000000000000010000000
000000000000000020000000
000000000000000000001000
000000000000000000002000
000000000000000010000000
000000000000000020000000
000000000000000000001000
000000000000000000002000
000000000000000010000000
000000000000000020000000
000000000000000000001000
000000000000000000002000
000000000000000100000000
000000000000000200000000
000000000000000000001000
000000000000000000002000
000000000000000100000000
000000000000000200000000
000000000000000000001000
000000000000000000002000
000000000000000100000000
000000000000000010000000
000000000000000000000000
000000000000000010000000
000000000000000100000000
000000000000000010000000
000000000000000010000000
000000000000000010000000
